-80,125,0,0,0_123,-107,0,0,0|25,0,0
-260,-22,0,0,0_266,17,0,0,0|25,0,0
27,292,0,0,0_25,-293,0,0,0|25,0,0
104,208,0,0,0_-29,-12,0,0,0_-248,-177,0,0,0|39,90,0_-63.42613,-54.17614,0
-170,230,0,0,0_-36,-16,0,0,0_215,-179,0,0,0|-110,110,0_76.47727,-88.65909,0
-135,-111,0,0,0_129,75,0,0,0|25,0,0
41,259,0,0,0_48,-237,0,0,0_-84,-156,0,0,0|47,1,0_10.27841,-216.5341,0
31,247,0,0,0_102,102,0,0,0_113,-50,0,0,0_70,-211,0,0,0_-43,-119,0,0,0|83,183,0_118,40,0_105,-129,0_4.693182,-158.517,0
-153,249,0,0,0_-76,-27,0,0,0_40,-192,0,0,0_150,-286,0,0,0_188,-154,0,0,0|-136,120,0_-17,-124,0_99,-251,0_185,-198,0
-259,103,0,0,0_-94,-82,0,0,0_83,-146,0,0,0_241,-148,0,0,0_191,-17,0,0,0|-214,-4,0_-11,-131,0_161,-163,0_223.6648,-103.3239,0
-89,181,0,0,0_-86,41,0,0,0_-54,-26,0,0,0_19,-54,0,0,0_138,-53,0,0,0|-91,107,0_-81,0,0_-26,-52,0_78.70454,-53.16477,0
-134,282,0,0,0_-124,-171,0,0,0_-91,-231,0,0,0_-42,-277,0,0,0_134,-276,0,0,0_133,-176,0,0,0|-128.8977,55.60227,0_-107.3125,-200.9091,0_-66.32954,-253.8125,0_49.7841,-272.8636,0_133.8352,-225.767,0
-169,241,0,0,0_18,247,0,0,0_7,-234,0,0,0_182,-114,0,0,0|-75.31818,244.392,0_12.65341,6.511368,0_94.81818,-173.9659,0
-219,224,0,0,0_5,231,0,0,0_-6,4,0,0,0_5,-50,0,0,0_54,-69,0,0,0_146,-67,0,0,0|-106.6364,227.9943,0_-0.164773,117.767,0_-0.1363633,-22.58523,0_29.84659,-59.0625,0_100.1534,-67.77273,0
-31,276,0,0,0_-34,-242,0,0,0_95,-144,0,0,0|-32.38068,17.06251,0_30.88068,-192.9716,0
-249,69,0,0,0_212,81,0,0,0_228,64,0,0,0_166,4,0,0,0|-18.17614,75.46591,0_220.2216,72.77841,0_197.4204,34.26704,0
-240,72,0,0,0_185,94,0,0,0_209,67,0,0,0_163,-157,0,0,0|-27.10227,83.28409,0_197.2443,80.85796,0_186.3409,-44.78977,0
-206,138,0,0,0_151,153,0,0,0_146,-198,0,0,0_32,-132,0,0,0|-27.47727,145.5057,0_148.6534,-22.32386,0_89.28977,-164.6534,0
-165,181,0,0,0_187,186,0,0,0_89,18,0,0,0_-115,-116,0,0,0|11.1875,183.5909,0_138.2216,102.375,0_-12.65909,-48.75568,0
116,209,0,0,0_-45,12,0,0,0_-211,-125,0,0,0_-197,-143,0,0,0_127,-100,0,0,0|35.59091,110.7159,0_-127.8352,-56.49432,0_-203.7273,-133.6818,0_-34.82386,-121.358,0
-222,157,0,0,0_40,173,0,0,0_54,153,0,0,0_-4,-130,0,0,0_5,-168,0,0,0_31,-187,0,0,0_163,-181,0,0,0_174,-121,0,0,0|-90.76137,165.2727,0_47.34659,163.0057,0_25.125,11.63637,0_0.8636367,-148.8182,0_18,-177.2955,0_97.3409,-183.6364,0_168.8693,-150.625,0
-80,208,0,0,0_-123,-176,0,0,0_195,-159,0,0,0|-101.108,16.23296,0_36.13636,-167.0795,0
-132,249,0,0,0_-140,20,0,0,0_113,50,0,0,0_132,25,0,0,0_95,-203,0,0,0_-7,-155,0,0,0|-135.7954,134.6648,0_-13.43182,35.17046,0_122.5455,37.53409,0_113.8807,-88.69318,0_44.04546,-179,0
-116,194,0,0,0_97,228,0,0,0_132,184,0,0,0_-3,-24,0,0,0_173,-116,0,0,0_100,-211,0,0,0_-31,-287,0,0,0|-9.329548,211.4148,0_114.5455,206.3011,0_83.07954,108.483,0_85.07954,-69.75568,0_136.75,-163.142,0_34.69886,-248.5511,0
-164,197,0,0,0_58,209,0,0,0_81,170,0,0,0_2,92,0,0,0_-97,42,0,0,0_-36,-1,0,0,0_24,-75,0,0,0_22,-157,0,0,0_-42,-231,0,0,0_-143,-159,0,0,0|-43.59659,207.3864,0_76,191,0_52,125,0_-45,60,0_-66.17046,20.89773,0_-5.659091,-37.72159,0_25.13068,-111.8409,0_-7.8295
-172,198,0,0,0_130,224,0,0,0_18,15,0,0,0_155,-37,0,0,0_65,-238,0,0,0_-42,-179,0,0,0|-20.74432,211.0455,0_69,111,0_57.68182,1.159091,0_111.375,-123.5682,0_11.67045,-208.3466,0
7,266,0,0,0_-60,-37,0,0,0_152,-34,0,0,0_106,-137,0,0,0_15,-204,0,0,0|-26.01705,114.733,0_46.3125,-35.1875,0_129.4091,-85.02273,0_60.60227,-170.483,0
81,220,0,0,0_0,86,0,0,0_-135,-34,0,0,0_61,-195,0,0,0_124,-252,0,0,0|45.73296,150.1761,0_-62.42613,23.3125,0_-36.99432,-114.2443,0_92.59659,-223.1761,0
